1670847455.3977406	[[334, 64, 22, 22]]
1670847455.4269865	[]
1670847455.4710085	[]
1670847455.5108721	[]
1670847455.5380776	[[328, 180, 22, 22], [335, 66, 21, 21]]
1670847455.5612657	[[329, 179, 21, 21], [336, 68, 20, 20]]
1670847455.6131978	[[329, 178, 22, 22], [336, 67, 20, 20]]
1670847455.6521463	[]
1670847455.6831555	[]
1670847455.7143204	[[328, 177, 23, 23], [335, 65, 22, 22]]
1670847455.7417407	[[337, 67, 20, 20]]
1670847455.7801163	[[330, 180, 20, 20]]
1670847455.79658	[[334, 66, 21, 21]]
1670847455.8310175	[]
1670847455.8619978	[[335, 64, 22, 22]]
1670847455.8964052	[]
1670847455.942496	[[336, 67, 20, 20]]
1670847455.984859	[[335, 67, 21, 21]]
1670847456.0279331	[]
1670847456.054103	[[328, 179, 22, 22]]
1670847456.0778866	[[328, 177, 23, 23]]
1670847456.11982	[[328, 177, 23, 23]]
1670847456.1452382	[[328, 178, 23, 23]]
1670847456.161223	[[336, 64, 22, 22], [328, 179, 23, 23]]
1670847456.196927	[[335, 66, 21, 21]]
1670847456.2435298	[]
1670847456.273366	[[329, 178, 22, 22]]
1670847456.2971315	[[328, 178, 22, 22], [334, 66, 21, 21]]
1670847456.3259594	[]
1670847456.3508127	[[334, 66, 22, 22]]
1670847456.4115784	[[336, 66, 21, 21]]
1670847456.446929	[[334, 66, 21, 21]]
1670847456.4780083	[[335, 67, 21, 21]]
1670847456.5099142	[[335, 65, 21, 21]]
1670847456.5302122	[]
1670847456.5791545	[]
1670847456.60462	[[334, 66, 22, 22]]
1670847456.628083	[]
1670847456.6549096	[]
1670847456.7178326	[[328, 178, 22, 22], [333, 64, 22, 22]]
1670847456.7419503	[[335, 65, 22, 22]]
1670847456.770727	[[328, 177, 23, 23]]
1670847456.801849	[[335, 66, 21, 21]]
1670847456.841706	[[327, 177, 24, 24], [333, 64, 25, 25]]
1670847456.8643968	[[335, 66, 22, 22]]
1670847456.9019728	[[334, 66, 21, 21]]
1670847456.9484572	[[329, 179, 22, 22]]
1670847456.9652748	[]
1670847456.9958065	[]
1670847457.047285	[[334, 68, 21, 21], [595, 313, 41, 41]]
1670847457.0791373	[[336, 66, 22, 22], [596, 316, 39, 39]]
1670847457.101312	[[334, 66, 22, 22], [593, 317, 43, 43]]
1670847457.1274695	[[592, 318, 42, 42]]
1670847457.157335	[[337, 65, 22, 22]]
1670847457.2042572	[[328, 180, 22, 22]]
1670847457.2265294	[]
1670847457.2619731	[]
1670847457.3093495	[]
1670847457.3380256	[[328, 179, 23, 23], [549, 307, 81, 81]]
1670847457.3668084	[[337, 67, 20, 20]]
1670847457.4089978	[]
1670847457.4382207	[[328, 179, 22, 22], [548, 313, 80, 80]]
1670847457.4665873	[[542, 305, 86, 86]]
1670847457.5033863	[[337, 64, 22, 22]]
1670847457.526689	[]
1670847457.5697222	[]
1670847457.6035204	[]
1670847457.6241505	[[328, 178, 23, 23]]
1670847457.6735017	[]
1670847457.7261999	[]
1670847457.761445	[[328, 179, 22, 22], [544, 333, 87, 87]]
1670847457.7874362	[[329, 180, 22, 22], [544, 335, 81, 81]]
1670847457.8137527	[[330, 178, 21, 21], [335, 66, 22, 22]]
1670847457.8394144	[[329, 177, 21, 21], [336, 65, 22, 22]]
1670847457.8632977	[[336, 65, 22, 22]]
1670847457.9013846	[]
1670847457.9289427	[[336, 64, 23, 23]]
1670847457.9698224	[[329, 180, 22, 22]]
1670847457.9958854	[[335, 65, 22, 22]]
1670847458.0452485	[]
1670847458.0834332	[[329, 178, 21, 21]]
1670847458.1053534	[[328, 179, 23, 23], [335, 65, 21, 21]]
1670847458.1323748	[]
1670847458.1797116	[[337, 66, 21, 21]]
1670847458.2144082	[]
1670847458.2415755	[[328, 177, 22, 22]]
1670847458.266707	[[335, 66, 21, 21]]
1670847458.2895179	[[337, 66, 21, 21]]
1670847458.3144627	[[328, 177, 22, 22]]
1670847458.3569248	[[336, 67, 22, 22]]
1670847458.4055355	[[329, 179, 22, 22], [334, 65, 21, 21]]
1670847458.4433637	[[329, 179, 22, 22], [336, 64, 22, 22]]
1670847458.4727426	[[327, 177, 25, 25]]
1670847458.504535	[[335, 66, 21, 21]]
1670847458.5331125	[[327, 178, 23, 23]]
1670847458.5709343	[[336, 67, 21, 21]]
1670847458.5954077	[]
1670847458.6385841	[[335, 65, 22, 22]]
1670847458.6735783	[]
1670847458.7014937	[]
1670847458.7385147	[]
1670847458.7687678	[[329, 179, 22, 22], [334, 50, 22, 22], [334, 66, 22, 22]]
1670847458.8019335	[]
1670847458.8330204	[[328, 179, 21, 21], [336, 67, 21, 21]]
1670847458.8668585	[]
1670847458.897604	[[335, 66, 21, 21]]
1670847458.9281528	[]
1670847458.957737	[[329, 178, 22, 22], [335, 67, 21, 21]]
1670847459.01194	[]
1670847459.041687	[[335, 65, 22, 22]]
1670847459.0726016	[[329, 178, 22, 22]]
1670847459.1018043	[]
1670847459.13861	[[328, 179, 22, 22], [336, 66, 21, 21]]
1670847459.1683652	[]
1670847459.2047987	[[329, 178, 22, 22]]
1670847459.234068	[]
1670847459.2652788	[]
1670847459.294172	[[328, 177, 22, 22]]
1670847459.318584	[]
1670847459.3579557	[[336, 65, 22, 22]]
1670847459.3856845	[]
1670847459.4450767	[[336, 64, 22, 22]]
1670847459.475573	[[328, 179, 23, 23], [335, 65, 22, 22]]
1670847459.5001135	[[327, 177, 24, 24]]
1670847459.5232773	[[327, 178, 23, 23], [337, 66, 21, 21]]
1670847459.5651374	[[336, 66, 21, 21]]
1670847459.591577	[]
1670847459.6156137	[[335, 64, 22, 22]]
1670847459.6473658	[[328, 179, 22, 22], [336, 65, 21, 21]]
1670847459.6875746	[[336, 66, 21, 21]]
1670847459.744415	[]
1670847459.7781963	[[329, 180, 22, 22]]
1670847459.8140035	[]
1670847459.841235	[]
1670847459.8616564	[]
1670847459.9108334	[[335, 65, 22, 22]]
1670847459.9364142	[]
1670847459.9694855	[[335, 64, 23, 23]]
1670847459.9909716	[]
1670847460.0420682	[[328, 179, 22, 22], [336, 66, 21, 21]]
1670847460.0708818	[[336, 67, 20, 20]]
1670847460.0968885	[]
1670847460.1319036	[]
1670847460.1568458	[]
1670847460.219364	[[335, 64, 22, 22]]
1670847460.2627058	[[334, 66, 22, 22]]
1670847460.3161178	[[329, 178, 22, 22], [336, 64, 22, 22]]
1670847460.3463016	[]
1670847460.3796053	[[334, 65, 22, 22]]
1670847460.3988638	[[336, 67, 20, 20]]
1670847460.4259558	[]
1670847460.449368	[]
1670847460.5074356	[]
1670847460.5398774	[]
1670847460.5668795	[]
1670847460.627796	[[336, 65, 21, 21]]
1670847460.6558957	[[336, 65, 22, 22]]
1670847460.6788805	[[335, 66, 21, 21]]
1670847460.748627	[[336, 66, 21, 21]]
1670847460.785681	[]
1670847460.8123536	[]
1670847460.8378813	[[337, 66, 21, 21]]
1670847460.8614347	[[336, 66, 21, 21]]
1670847460.8831818	[]
1670847460.9366777	[[334, 65, 22, 22]]
1670847460.9675903	[[329, 178, 22, 22]]
1670847461.0288897	[[336, 66, 21, 21]]
1670847461.0662806	[]
1670847461.0942924	[[336, 65, 21, 21]]
1670847461.1127918	[]
1670847461.147062	[[328, 177, 22, 22], [336, 65, 22, 22]]
1670847461.169339	[[328, 177, 22, 22], [336, 65, 22, 22]]
1670847461.1943972	[]
1670847461.2410982	[[328, 179, 22, 22], [337, 66, 21, 21]]
1670847461.2749207	[[336, 67, 21, 21]]
1670847461.3034897	[[338, 67, 21, 21]]
1670847461.3254085	[[337, 67, 20, 20]]
1670847461.341096	[[328, 178, 24, 24]]
1670847461.419058	[[336, 65, 21, 21]]
1670847461.453914	[[336, 65, 22, 22]]
1670847461.478837	[]
1670847461.5042577	[[336, 65, 22, 22]]
1670847461.5548189	[[329, 175, 22, 22], [335, 66, 22, 22]]
1670847461.5926914	[[330, 179, 20, 20], [336, 64, 22, 22]]
1670847461.61692	[[330, 179, 20, 20], [336, 64, 22, 22]]
1670847461.6426942	[]
1670847461.6779616	[[329, 177, 22, 22]]
1670847461.7038114	[]
1670847461.7453501	[]
1670847461.7722697	[[580, 333, 48, 48]]
1670847461.8240936	[[588, 340, 38, 38]]
1670847461.849872	[[339, 65, 21, 21], [329, 177, 21, 21]]
1670847461.8768773	[[336, 64, 22, 22]]
1670847461.9152493	[]
1670847461.95287	[[335, 63, 23, 23]]
1670847461.9815874	[]
1670847462.0316567	[]
1670847462.0617006	[]
1670847462.0989628	[]
1670847462.1272333	[[329, 178, 22, 22]]
1670847462.1539369	[]
1670847462.216904	[[330, 177, 22, 22], [337, 65, 21, 21]]
1670847462.2574525	[]
1670847462.2812757	[]
1670847462.3040924	[[336, 64, 22, 22]]
1670847462.3504758	[]
1670847462.3793535	[[328, 176, 23, 23]]
1670847462.4163322	[[330, 178, 20, 20]]
1670847462.4538329	[[329, 177, 22, 22]]
1670847462.4836216	[[329, 177, 22, 22]]
1670847462.5126603	[[329, 176, 22, 22]]
1670847462.538716	[[336, 64, 21, 21]]
1670847462.5681658	[[329, 176, 22, 22]]
1670847462.624255	[[329, 177, 21, 21], [333, 59, 27, 27]]
1670847462.6610503	[[330, 178, 21, 21]]
1670847462.68615	[[328, 177, 23, 23], [336, 63, 22, 22]]
1670847462.7076848	[[336, 64, 22, 22]]
1670847462.746124	[[329, 177, 23, 23], [334, 63, 23, 23]]
1670847462.7868214	[[330, 178, 20, 20]]
1670847462.8177335	[[330, 178, 21, 21], [336, 64, 21, 21]]
1670847462.846681	[]
1670847462.8859944	[[328, 176, 22, 22]]
1670847462.9152808	[[328, 176, 22, 22]]
1670847462.946424	[[329, 177, 21, 21], [337, 64, 22, 22]]
1670847462.9753647	[[330, 177, 21, 21], [337, 65, 21, 21]]
1670847463.0102875	[[329, 178, 22, 22], [337, 65, 21, 21]]
1670847463.0490687	[]
1670847463.0823348	[[333, 62, 24, 24]]
1670847463.1242793	[]
1670847463.1558425	[]
1670847463.188095	[]
1670847463.2195017	[[329, 177, 22, 22]]
1670847463.2523425	[[338, 65, 21, 21]]
1670847463.2879255	[[327, 175, 24, 24], [335, 64, 21, 21]]
1670847463.3243136	[[329, 177, 22, 22], [336, 63, 23, 23]]
1670847463.3572965	[[329, 177, 22, 22], [336, 63, 23, 23]]
1670847463.3899167	[[330, 178, 21, 21]]
1670847463.4243898	[]
1670847463.4629126	[]
1670847463.4949636	[[328, 175, 24, 24]]
1670847463.528214	[]
1670847463.5599263	[]
1670847463.59227	[[328, 177, 22, 22]]
1670847463.6219258	[[329, 177, 23, 23]]
1670847463.6502993	[[328, 176, 23, 23]]
1670847463.6762102	[[330, 177, 21, 21]]
1670847463.7192357	[[328, 177, 22, 22], [337, 65, 21, 21]]
1670847463.7575881	[]
1670847463.7880332	[]
1670847463.8244524	[]
1670847463.857426	[[329, 178, 21, 21]]
1670847463.8948615	[[330, 177, 22, 22]]
1670847463.9286828	[[328, 175, 24, 24]]
1670847463.9598854	[]
1670847463.9911246	[[328, 176, 23, 23]]
1670847464.0271583	[]
1670847464.0591338	[]
1670847464.088398	[]
1670847464.1178768	[[329, 178, 21, 21]]
1670847464.1483612	[[336, 64, 22, 22]]
1670847464.1856458	[[336, 65, 21, 21]]
1670847464.2211533	[]
1670847464.2583146	[]
1670847464.2866623	[]
1670847464.3192348	[[330, 177, 21, 21]]
1670847464.3482811	[]
1670847464.3862686	[]
1670847464.413437	[]
1670847464.4503355	[[334, 62, 24, 24]]
1670847464.4806523	[]
1670847464.5108361	[[330, 178, 22, 22]]
1670847464.5413694	[[336, 65, 21, 21]]
1670847464.5711994	[[328, 177, 22, 22]]
1670847464.6221905	[[329, 177, 22, 22]]
1670847464.6519895	[]
1670847464.6908133	[]
1670847464.720024	[[336, 64, 21, 21]]
1670847464.7444155	[[329, 177, 22, 22], [336, 63, 23, 23], [592, 362, 45, 45]]
1670847464.7810404	[[327, 175, 24, 24], [594, 363, 43, 43]]
1670847464.805666	[[329, 176, 22, 22]]
1670847464.8540034	[]
1670847464.8789463	[[328, 177, 22, 22]]
1670847464.902194	[[337, 65, 21, 21]]
1670847464.9427705	[[330, 178, 21, 21], [335, 64, 22, 22]]
1670847464.9694674	[]
1670847465.006751	[]
1670847465.0394535	[[328, 178, 22, 22], [592, 363, 42, 42]]
1670847465.082254	[]
1670847465.1269217	[]
1670847465.1531978	[[329, 177, 22, 22]]
1670847465.1773615	[]
1670847465.2133179	[[329, 177, 23, 23]]
1670847465.2367022	[[329, 177, 23, 23]]
1670847465.2746067	[]
1670847465.2976887	[[329, 177, 21, 21]]
1670847465.3486633	[]
1670847465.3853178	[[330, 178, 21, 21]]
1670847465.4153037	[[330, 177, 21, 21]]
1670847465.455129	[[337, 64, 21, 21]]
1670847465.4841003	[[329, 176, 23, 23]]
1670847465.5282917	[]
1670847465.5657694	[[328, 176, 23, 23]]
1670847465.593785	[]
1670847465.6284423	[[336, 65, 21, 21], [329, 175, 22, 22]]
1670847465.6582756	[[334, 62, 24, 24]]
1670847465.6988108	[]
1670847465.738211	[[329, 176, 23, 23], [335, 65, 22, 22]]
1670847465.7829266	[]
1670847465.8223534	[[326, 174, 25, 25]]
1670847465.8635576	[[592, 357, 46, 46]]
1670847465.904548	[[330, 178, 22, 22], [589, 352, 50, 50]]
1670847465.9589317	[[330, 178, 21, 21], [337, 65, 21, 21], [590, 357, 46, 46]]
1670847465.997151	[[330, 177, 21, 21], [335, 64, 22, 22], [586, 357, 50, 50]]
1670847466.0421877	[[328, 176, 24, 24], [590, 356, 47, 47]]
1670847466.0823264	[[585, 356, 51, 51]]
1670847466.1201205	[[588, 356, 47, 47]]
1670847466.1596532	[[586, 358, 48, 48]]
1670847466.1997926	[[585, 356, 50, 50]]
1670847466.2299168	[[329, 177, 22, 22], [584, 356, 50, 50]]
1670847466.2629747	[[583, 355, 51, 51]]
1670847466.302184	[[329, 178, 22, 22], [336, 65, 21, 21], [583, 357, 51, 51]]
1670847466.3397045	[[337, 65, 21, 21], [579, 354, 54, 54]]
1670847466.3952637	[[577, 355, 56, 56]]
1670847466.4421377	[[328, 176, 22, 22], [577, 357, 53, 53]]
1670847466.484891	[[330, 178, 22, 22], [577, 357, 52, 52]]
1670847466.525545	[[330, 176, 22, 22], [335, 63, 23, 23], [575, 357, 54, 54]]
1670847466.5615017	[[328, 177, 22, 22], [574, 355, 56, 56]]
1670847466.594762	[[575, 357, 54, 54], [495, 373, 87, 87]]
1670847466.6368315	[[329, 176, 21, 21], [574, 355, 54, 54]]
1670847466.678969	[[329, 176, 22, 22], [574, 354, 55, 55]]
1670847466.7224507	[[328, 176, 23, 23], [574, 354, 55, 55]]
1670847466.7671645	[[330, 177, 21, 21], [335, 64, 21, 21], [576, 353, 55, 55]]
1670847466.8084652	[[330, 177, 21, 21], [579, 351, 54, 54]]
1670847466.8507226	[[329, 179, 22, 22], [581, 350, 54, 54]]
1670847466.8920643	[[330, 178, 21, 21], [590, 343, 47, 47]]
1670847466.9339786	[[329, 177, 21, 21], [590, 342, 46, 46]]
1670847466.9738421	[[326, 172, 26, 26]]
1670847467.0180528	[]
1670847467.0479317	[[329, 177, 22, 22]]
1670847467.0924962	[[542, 378, 48, 48]]
1670847467.135465	[[327, 174, 26, 26], [532, 379, 52, 52]]
1670847467.1742306	[[546, 366, 49, 49]]
1670847467.217061	[[329, 177, 22, 22], [528, 339, 87, 87]]
1670847467.2577016	[[547, 364, 48, 48]]
1670847467.303498	[[328, 179, 22, 22], [545, 362, 51, 51], [525, 345, 82, 82]]
1670847467.3476892	[[329, 177, 22, 22], [533, 356, 63, 63]]
1670847467.3886535	[[329, 178, 22, 22], [536, 351, 63, 63]]
1670847467.4256985	[[550, 361, 46, 46]]
1670847467.4669852	[[543, 358, 53, 53], [540, 332, 77, 77]]
1670847467.511322	[[540, 350, 59, 59]]
1670847467.549152	[[541, 351, 58, 58]]
1670847467.5910969	[[337, 65, 21, 21], [551, 356, 46, 46]]
1670847467.6327586	[[552, 354, 47, 47], [528, 343, 69, 69]]
1670847467.6730895	[[328, 176, 23, 23], [548, 353, 48, 48], [528, 321, 90, 90]]
1670847467.7157834	[[552, 347, 48, 48], [330, 178, 22, 22], [537, 320, 84, 84]]
1670847467.7551346	[[328, 178, 23, 23], [550, 342, 50, 50], [535, 318, 88, 88]]
1670847467.8044004	[[554, 341, 49, 49]]
1670847467.8481743	[[329, 180, 22, 22], [553, 328, 57, 57]]
1670847467.887676	[[552, 324, 57, 57], [335, 65, 22, 22]]
1670847467.9219587	[[555, 324, 53, 53]]
1670847467.9770195	[[557, 322, 49, 49]]
1670847468.009995	[[558, 313, 53, 53]]
1670847468.073019	[[328, 180, 21, 21], [560, 313, 49, 49], [335, 66, 21, 21]]
1670847468.1209536	[[329, 179, 21, 21], [336, 66, 21, 21], [570, 299, 51, 51]]
1670847468.164177	[[337, 66, 21, 21], [579, 291, 50, 50]]
1670847468.2151818	[[330, 178, 20, 20], [587, 284, 46, 46]]
1670847468.2489393	[]
1670847468.311937	[[335, 65, 22, 22], [328, 178, 24, 24]]
1670847468.35534	[[329, 179, 22, 22], [335, 66, 21, 21]]
1670847468.3866818	[]
1670847468.440423	[[329, 177, 22, 22]]
1670847468.4883149	[[330, 179, 22, 22], [335, 66, 22, 22]]
1670847468.5209959	[]
1670847468.570687	[[334, 66, 22, 22]]
1670847468.592765	[]
1670847468.6378152	[]
1670847468.6693394	[]
1670847468.7032804	[]
1670847468.7365253	[]
1670847468.754561	[]
1670847468.8070922	[]
1670847468.8391998	[[307, 70, 208, 208]]
1670847468.873541	[]
1670847468.9197998	[]
1670847468.9533422	[]
1670847468.9873931	[]
1670847469.039	[]
1670847469.0799882	[]
1670847469.118286	[]
1670847469.1547124	[]
1670847469.1869264	[]
1670847469.240034	[]
1670847469.2729897	[]
1670847469.3060849	[]
1670847469.3507252	[[311, 94, 212, 212]]
1670847469.3878024	[]
1670847469.4352696	[]
1670847469.4785688	[[330, 63, 28, 28]]
1670847469.5444376	[[333, 68, 25, 25]]
1670847469.6071768	[[333, 65, 24, 24]]
1670847469.6579378	[[334, 63, 25, 25]]
1670847469.7340891	[[330, 179, 22, 22], [331, 63, 29, 29]]
1670847469.7871728	[[329, 177, 22, 22], [333, 64, 28, 28]]
1670847469.8308141	[[334, 63, 25, 25]]
1670847469.8875976	[[333, 63, 26, 26]]
1670847469.9440317	[[327, 177, 24, 24], [334, 66, 23, 23]]
1670847469.9845295	[]
1670847470.0212696	[]
1670847470.048935	[[328, 176, 23, 23], [336, 65, 21, 21]]
1670847470.0753403	[[328, 175, 23, 23]]
1670847470.1113276	[[330, 178, 21, 21]]
1670847470.1496952	[[328, 176, 24, 24]]
1670847470.1790078	[]
1670847470.2158277	[]
1670847470.247826	[]
1670847470.2821567	[[330, 177, 21, 21]]
1670847470.3146985	[[330, 178, 21, 21]]
1670847470.3440826	[]
1670847470.3740585	[]
1670847470.402295	[[328, 179, 22, 22]]
1670847470.4276516	[]
1670847470.464722	[]
1670847470.5080507	[[336, 64, 22, 22]]
1670847470.5463128	[[328, 177, 21, 21]]
1670847470.5875854	[]
1670847470.6284828	[]
1670847470.6709929	[]
1670847470.711946	[[330, 177, 21, 21]]
1670847470.7541723	[]
1670847470.7881374	[]
1670847470.828596	[[328, 179, 23, 23], [336, 67, 20, 20]]
1670847470.869918	[]
1670847470.9070978	[[336, 65, 21, 21]]
1670847470.9462516	[]
1670847470.987048	[[329, 177, 22, 22]]
1670847471.030057	[[329, 179, 22, 22]]
1670847471.0696561	[[329, 179, 21, 21], [336, 67, 21, 21]]
1670847471.1122222	[[336, 66, 21, 21]]
1670847471.1518123	[[329, 176, 22, 22]]
1670847471.194402	[]
1670847471.237568	[[330, 177, 21, 21], [336, 65, 21, 21]]
1670847471.276546	[]
1670847471.3216527	[[329, 180, 21, 21]]
1670847471.3652358	[]
1670847471.4315119	[[336, 64, 21, 21]]
1670847471.459416	[[328, 179, 21, 21]]
1670847471.5028143	[[329, 180, 21, 21]]
1670847471.5518324	[]
1670847471.586475	[]
1670847471.6205852	[[335, 63, 23, 23]]
1670847471.6430738	[[336, 65, 21, 21]]
1670847471.6933413	[]
1670847471.7358978	[]
1670847471.767614	[]
1670847471.8232548	[[328, 175, 24, 24]]
1670847471.861771	[]
1670847471.8933182	[]
1670847471.9194658	[[329, 178, 22, 22], [333, 63, 26, 26]]
1670847471.9456599	[[329, 180, 21, 21], [335, 66, 22, 22]]
1670847471.9937692	[[336, 66, 21, 21]]
1670847472.0283868	[]
1670847472.0553896	[]
1670847472.0804615	[[335, 64, 22, 22]]
1670847472.1371343	[[329, 177, 22, 22], [336, 68, 20, 20]]
1670847472.167575	[[336, 66, 21, 21]]
1670847472.2366672	[[329, 177, 22, 22]]
1670847472.2829714	[[329, 177, 21, 21]]
1670847472.3174305	[]
1670847472.3511043	[]
1670847472.3748467	[[336, 66, 21, 21]]
1670847472.4274418	[[336, 66, 21, 21]]
1670847472.4678836	[[337, 64, 22, 22]]
1670847472.504398	[[336, 65, 21, 21]]
1670847472.537392	[]
1670847472.568832	[[329, 179, 22, 22], [335, 66, 21, 21]]
1670847472.6148171	[[329, 178, 22, 22], [335, 67, 21, 21]]
1670847472.642881	[[329, 179, 22, 22], [335, 65, 22, 22]]
1670847472.6794555	[[329, 178, 21, 21], [337, 65, 21, 21]]
1670847472.713676	[[330, 179, 20, 20]]
1670847472.75991	[[329, 178, 22, 22], [336, 66, 21, 21]]
1670847472.785746	[]
1670847472.8125072	[[330, 179, 20, 20]]
1670847472.8642194	[[336, 66, 22, 22]]
1670847472.889301	[]
1670847472.9196029	[[338, 67, 20, 20]]
1670847472.9570334	[[334, 65, 22, 22]]
1670847473.0118644	[]
1670847473.0694237	[]
1670847473.0956316	[[329, 179, 21, 21]]
1670847473.1220345	[[336, 66, 21, 21]]
1670847473.1520367	[]
1670847473.167729	[]
1670847473.2211237	[]
1670847473.2577302	[[308, 64, 30, 30]]
1670847473.2863157	[]
1670847473.3119478	[]
1670847473.3764164	[[281, 156, 22, 22], [287, 39, 26, 26]]
1670847473.4655669	[[274, 29, 27, 27]]
1670847473.5019307	[[246, 21, 25, 25], [230, 136, 21, 21], [559, 222, 50, 50]]
1670847473.5317037	[[231, 14, 24, 24], [543, 223, 47, 47]]
1670847473.5613024	[[221, 7, 24, 24], [531, 225, 43, 43], [202, 123, 21, 21], [596, 199, 43, 43]]
1670847473.5918496	[[587, 206, 42, 42], [526, 228, 45, 45], [196, 121, 25, 25]]
1670847473.6238208	[[585, 209, 44, 44], [525, 233, 45, 45], [574, 271, 23, 23]]
1670847473.6740513	[[226, 11, 25, 25], [590, 216, 38, 38], [212, 129, 22, 22], [529, 233, 46, 46]]
1670847473.7152731	[[594, 211, 43, 43], [533, 237, 42, 42], [219, 125, 22, 22], [579, 270, 25, 25]]
1670847473.7451425	[[594, 214, 39, 39], [534, 231, 46, 46], [230, 125, 20, 20], [582, 269, 22, 22]]
1670847473.7755365	[[250, 4, 28, 28], [595, 212, 38, 38], [535, 228, 46, 46], [582, 265, 28, 28]]
1670847473.8014517	[[540, 227, 48, 48], [592, 264, 26, 26]]
1670847473.861999	[[551, 232, 47, 47], [278, 131, 21, 21], [602, 266, 32, 32]]
1670847473.8963366	[[560, 231, 49, 49]]
1670847473.9273787	[[314, 16, 22, 22], [566, 228, 49, 49]]
1670847473.952038	[[576, 232, 44, 44], [320, 126, 23, 23]]
1670847473.978567	[[338, 2, 21, 21], [336, 18, 23, 23], [576, 233, 48, 48], [330, 133, 22, 22]]
1670847474.0337033	[[339, 139, 22, 22], [583, 243, 46, 46]]
1670847474.063168	[[348, 30, 24, 24], [586, 248, 44, 44]]
1670847474.120704	[[347, 143, 23, 23], [588, 242, 48, 48]]
1670847474.1541712	[]
1670847474.2143364	[[352, 142, 21, 21]]
1670847474.2597852	[[352, 153, 20, 20]]
1670847474.2950761	[[348, 159, 22, 22]]
1670847474.3215308	[[349, 160, 21, 21]]
1670847474.3457417	[]
1670847474.3705418	[[348, 153, 22, 22]]
1670847474.4220705	[[348, 153, 21, 21]]
1670847474.4609232	[[348, 154, 22, 22]]
1670847474.488844	[]
1670847474.515233	[]
1670847474.5412314	[[347, 154, 21, 21], [352, 44, 22, 22]]
1670847474.591569	[[351, 37, 20, 20]]
1670847474.6228817	[[348, 28, 22, 22], [343, 140, 20, 20]]
1670847474.6486762	[]
1670847474.7023659	[[344, 26, 21, 21]]
1670847474.7307005	[[331, 141, 22, 22]]
1670847474.7581568	[[336, 29, 22, 22]]
1670847474.7899435	[]
1670847474.8127098	[]
1670847474.8389802	[[321, 134, 21, 21]]
1670847474.885258	[]
1670847474.9065378	[]
1670847474.9374373	[]
1670847474.9621766	[[344, 25, 22, 22]]
1670847475.0263417	[[342, 134, 21, 21]]
1670847475.0635464	[[346, 133, 22, 22]]
1670847475.0950458	[]
1670847475.1201959	[[364, 147, 20, 20]]
1670847475.1467974	[[375, 148, 22, 22]]
1670847475.1724272	[[386, 142, 23, 23], [390, 32, 21, 21]]
1670847475.2175612	[]
1670847475.253081	[]
1670847475.2809222	[[419, 12, 25, 25], [421, 131, 23, 23]]
1670847475.3112483	[[35, 324, 28, 28]]
1670847475.3367467	[[458, 152, 21, 21], [58, 331, 31, 31]]
1670847475.3820152	[[482, 149, 22, 22]]
1670847475.415197	[]
1670847475.4607887	[]
1670847475.4831972	[[525, 94, 21, 21]]
1670847475.506409	[[543, 101, 25, 25]]
1670847475.5595837	[[570, 112, 24, 24]]
1670847475.594195	[[594, 108, 22, 22]]
1670847475.6203814	[]
1670847475.64194	[[608, 67, 23, 23], [175, 279, 23, 23]]
1670847475.6789434	[[183, 287, 25, 25]]
1670847475.711695	[]
1670847475.7344744	[]
1670847475.7837024	[]
1670847475.8091166	[]
1670847475.8172927	[[212, 283, 23, 23]]
1670847475.854321	[]
1670847475.917012	[]
1670847475.9409962	[]
1670847475.9909248	[]
1670847476.0257976	[[222, 300, 28, 28]]
1670847476.0525634	[[225, 289, 56, 56]]
1670847476.0654726	[]
1670847476.101982	[]
1670847476.1222239	[[219, 319, 33, 33]]
1670847476.2068923	[]
1670847476.2482026	[[222, 332, 24, 24]]
1670847476.2742972	[[218, 333, 27, 27]]
1670847476.2949247	[]
1670847476.3432903	[]
1670847476.388774	[]
1670847476.4242394	[[216, 345, 25, 25]]
1670847476.4464502	[]
1670847476.4691212	[]
1670847476.5189033	[]
1670847476.549265	[[241, 349, 38, 38]]
1670847476.5717988	[[215, 356, 24, 24]]
1670847476.5928895	[[242, 350, 34, 34]]
1670847476.6486275	[[209, 353, 26, 26]]
1670847476.680396	[[207, 350, 34, 34]]
1670847476.7121444	[[210, 354, 31, 31]]
1670847476.7399025	[[213, 353, 32, 32], [219, 342, 65, 65]]
1670847476.7734327	[[214, 351, 35, 35]]
1670847476.794388	[[218, 350, 38, 38]]
1670847476.8183594	[[219, 349, 38, 38]]
1670847476.8833163	[[220, 353, 32, 32], [221, 342, 63, 63]]
1670847476.916626	[[220, 354, 30, 30], [218, 344, 62, 62]]
1670847476.9471982	[[221, 351, 34, 34]]
1670847476.9746368	[[221, 356, 27, 27]]
1670847477.002887	[[228, 357, 24, 24]]
1670847477.0257626	[[221, 352, 33, 33]]
1670847477.0756216	[[222, 353, 31, 31]]
1670847477.1018121	[[223, 352, 31, 31]]
1670847477.125538	[[221, 349, 34, 34]]
1670847477.1739545	[[220, 349, 34, 34]]
1670847477.1820912	[[220, 351, 30, 30]]
1670847477.2438428	[[221, 351, 29, 29]]
1670847477.2663674	[]
1670847477.3105128	[]
1670847477.3399947	[]
1670847477.3707826	[]
1670847477.3953695	[]
1670847477.4453366	[]
1670847477.4724736	[]
1670847477.5008786	[]
1670847477.5254424	[]
1670847477.565497	[]
1670847477.5889902	[]
1670847477.649433	[]
1670847477.673472	[[210, 348, 29, 29]]
1670847477.7166162	[[213, 349, 29, 29]]
1670847477.7431557	[[212, 348, 33, 33], [217, 336, 64, 64]]
1670847477.7716248	[[213, 346, 36, 36]]
1670847477.7999	[[215, 344, 41, 41]]
1670847477.8410423	[[218, 354, 25, 25]]
1670847477.8479524	[[216, 352, 26, 26]]
1670847477.8877308	[[214, 349, 33, 33]]
1670847477.9237986	[[217, 354, 25, 25]]
1670847477.9713476	[[210, 344, 40, 40]]
1670847477.998708	[[211, 353, 30, 30]]
1670847478.0196455	[[211, 354, 33, 33]]
1670847478.0786629	[[211, 354, 29, 29]]
1670847478.1225908	[]
1670847478.1577408	[[213, 355, 29, 29]]
1670847478.1887245	[[212, 352, 33, 33]]
1670847478.213626	[]
1670847478.2363107	[[213, 355, 28, 28]]
1670847478.248278	[]
1670847478.2825963	[[215, 356, 26, 26]]
1670847478.3083646	[[213, 353, 30, 30]]
1670847478.4240186	[[215, 357, 27, 27]]
1670847478.4722173	[[221, 357, 25, 25]]
1670847478.4989996	[[224, 359, 24, 24]]
1670847478.5214765	[[224, 359, 25, 25]]
1670847478.5472064	[[223, 358, 28, 28]]
1670847478.5710936	[]
1670847478.5922146	[]
1670847478.6412094	[[223, 356, 31, 31]]
1670847478.6658163	[[226, 358, 26, 26]]
1670847478.6874113	[[221, 358, 28, 28]]
1670847478.7240908	[]
1670847478.7470038	[[220, 359, 27, 27]]
1670847478.7835407	[]
1670847478.8248084	[[224, 364, 21, 21]]
1670847478.8641589	[]
1670847478.88984	[[218, 360, 25, 25], [212, 399, 20, 20]]
1670847478.9509497	[]
1670847478.9774153	[]
1670847479.0033133	[]
1670847479.0270293	[]
1670847479.0742364	[[240, 356, 37, 37]]
1670847479.102091	[]
1670847479.1312287	[]
1670847479.1557975	[]
1670847479.1757429	[]
1670847479.2157514	[[200, 362, 24, 24]]
1670847479.2589092	[]
1670847479.296118	[]
1670847479.3190298	[]
1670847479.347512	[]
1670847479.4049191	[[226, 353, 39, 39]]
1670847479.4262946	[]
1670847479.4802332	[]
1670847479.50836	[[193, 357, 26, 26]]
1670847479.532677	[]
1670847479.5572906	[]
1670847479.6095753	[]
1670847479.6438966	[[225, 349, 40, 40]]
1670847479.6674676	[[193, 359, 27, 27]]
1670847479.689371	[]
1670847479.7111485	[]
1670847479.7521152	[[226, 351, 38, 38]]
1670847479.8158987	[]
1670847479.8384616	[]
1670847479.8615077	[]
1670847479.9135895	[[226, 354, 39, 39]]
1670847479.9480867	[]
1670847479.9764392	[]
1670847480.0156517	[]
1670847480.040578	[[197, 362, 25, 25]]
1670847480.0672035	[]
1670847480.092008	[]
1670847480.1150057	[[201, 363, 25, 25]]
1670847480.1550457	[]
1670847480.192144	[[236, 353, 39, 39], [202, 360, 29, 29]]
1670847480.2197225	[]
1670847480.2800827	[[204, 352, 40, 40]]
1670847480.3067658	[[204, 359, 30, 30]]
1670847480.3312354	[[205, 357, 31, 31]]
1670847480.371099	[[206, 362, 27, 27]]
1670847480.4000227	[[204, 354, 36, 36]]
1670847480.42384	[]
1670847480.4495873	[]
1670847480.49126	[[238, 355, 36, 36], [204, 360, 28, 28]]
1670847480.5158796	[[206, 360, 25, 25]]
1670847480.5592523	[]
1670847480.6267645	[]
1670847480.6642692	[]
1670847480.6978867	[]
1670847480.7409585	[[203, 361, 27, 27]]
1670847480.765329	[[203, 358, 31, 31]]
1670847480.8047006	[[237, 349, 45, 45]]
1670847480.8277194	[]
1670847480.8489535	[[200, 357, 32, 32]]
1670847480.890076	[[204, 362, 24, 24]]
1670847480.9155118	[]
1670847480.966742	[]
1670847481.0299878	[[203, 357, 29, 29]]
1670847481.0637193	[]
1670847481.0956547	[[203, 360, 25, 25]]
1670847481.1217718	[]
1670847481.16853	[[205, 357, 25, 25], [235, 348, 39, 39]]
1670847481.1794574	[[205, 352, 29, 29]]
1670847481.2182987	[[207, 353, 25, 25]]
1670847481.2693357	[[202, 347, 32, 32]]
1670847481.29153	[[204, 345, 32, 32]]
1670847481.3149936	[[206, 346, 28, 28]]
1670847481.353052	[[206, 347, 25, 25], [208, 330, 67, 67]]
1670847481.4212193	[]
1670847481.4503024	[[208, 328, 64, 64]]
1670847481.4992664	[[204, 343, 27, 27]]
1670847481.531947	[]
1670847481.572996	[[206, 328, 60, 60]]
1670847481.5949545	[[203, 339, 34, 34], [205, 327, 62, 62]]
1670847481.6186078	[[202, 341, 31, 31]]
1670847481.674532	[[209, 327, 62, 62]]
1670847481.707604	[[203, 342, 28, 28]]
1670847481.7390778	[]
1670847481.762915	[[203, 341, 31, 31]]
1670847481.8290257	[]
1670847481.8642912	[[207, 344, 25, 25]]
1670847481.8971515	[[205, 346, 24, 24]]
1670847481.9285078	[]
1670847481.9791179	[[205, 344, 25, 25], [208, 329, 65, 65]]
1670847482.0124722	[[200, 338, 35, 35]]
1670847482.0378788	[]
1670847482.0603416	[]
1670847482.0861633	[[205, 343, 29, 29]]
1670847482.123131	[[202, 342, 30, 30]]
1670847482.1464295	[]
1670847482.2310987	[]
1670847482.265651	[[203, 338, 38, 38]]
1670847482.2911289	[[202, 340, 35, 35]]
1670847482.3129382	[[209, 350, 21, 21]]
1670847482.335048	[[205, 346, 27, 27]]
1670847482.3984296	[[204, 344, 30, 30], [210, 331, 65, 65]]
1670847482.4294827	[[206, 347, 26, 26], [202, 335, 46, 46]]
1670847482.451963	[]
1670847482.4982288	[[210, 350, 23, 23]]
1670847482.51971	[[203, 340, 42, 42]]
1670847482.542542	[]
1670847482.626067	[[204, 351, 33, 33]]
1670847482.655937	[[205, 356, 28, 28]]
1670847482.6805835	[[203, 351, 38, 38]]
1670847482.7095103	[]
1670847482.7648113	[]
1670847482.8007166	[[203, 355, 35, 35]]
1670847482.8311422	[[205, 358, 30, 30]]
1670847482.8593388	[]
1670847482.8827474	[[207, 363, 28, 28]]
1670847482.9038625	[[206, 362, 31, 31]]
1670847482.9455657	[[208, 362, 29, 29]]
1670847483.0291827	[]
1670847483.0572016	[]
1670847483.0818818	[[212, 365, 26, 26]]
1670847483.1325142	[[212, 366, 24, 24]]
1670847483.1642256	[[210, 359, 33, 33]]
1670847483.190131	[]
1670847483.2110147	[]
1670847483.237723	[]
1670847483.2638886	[]
1670847483.2868917	[[207, 360, 31, 31]]
1670847483.3282263	[[206, 362, 27, 27]]
1670847483.351332	[[207, 358, 30, 30]]
1670847483.4235377	[[209, 359, 30, 30]]
1670847483.4488356	[[208, 363, 26, 26]]
1670847483.470923	[]
1670847483.529803	[[207, 359, 32, 32]]
1670847483.5588844	[[207, 363, 26, 26]]
1670847483.580895	[[206, 360, 28, 28]]
1670847483.6058269	[]
1670847483.6388412	[[206, 362, 28, 28]]
1670847483.677643	[[207, 361, 28, 28]]
1670847483.6988237	[[207, 361, 28, 28]]
1670847483.7216604	[[242, 355, 35, 35], [204, 358, 33, 33]]
1670847483.744425	[[210, 360, 27, 27]]
1670847483.8314764	[[209, 359, 32, 32]]
1670847483.8654008	[]
1670847483.887909	[[212, 362, 25, 25]]
1670847483.9118414	[]
1670847483.9418101	[[243, 352, 36, 36], [212, 361, 27, 27]]
1670847483.9662325	[[210, 357, 29, 29]]
1670847484.017562	[[240, 350, 40, 40]]
1670847484.0394876	[[215, 359, 24, 24], [243, 349, 38, 38]]
1670847484.0933466	[[212, 356, 26, 26]]
1670847484.1253479	[[211, 352, 28, 28]]
1670847484.14874	[]
1670847484.2185297	[[212, 350, 28, 28]]
1670847484.2404768	[]
1670847484.2951558	[[216, 347, 25, 25]]
1670847484.329283	[]
1670847484.3616738	[[219, 341, 26, 26]]
1670847484.3853762	[[222, 339, 23, 23]]
1670847484.4071245	[[223, 334, 26, 26]]
1670847484.4394176	[]
1670847484.4760015	[]
1670847484.501366	[[229, 347, 24, 24]]
1670847484.5526652	[[231, 347, 25, 25]]
1670847484.5838344	[[231, 347, 25, 25]]
1670847484.6077962	[[230, 346, 29, 29]]
1670847484.6621618	[]
1670847484.69058	[[235, 344, 26, 26]]
1670847484.7157042	[]
1670847484.7397952	[]
1670847484.787796	[]
1670847484.8141317	[[262, 357, 24, 24]]
1670847484.8384702	[[264, 343, 23, 23]]
1670847484.886188	[[266, 331, 24, 24]]
1670847484.917381	[[269, 326, 23, 23]]
1670847484.9416914	[]
1670847484.9965281	[]
1670847485.018205	[]
1670847485.0413048	[[285, 321, 25, 25]]
1670847485.0964005	[]
1670847485.1277413	[]
1670847485.156626	[[283, 334, 29, 29]]
1670847485.1789942	[]
1670847485.2131166	[]
1670847485.2354743	[[274, 364, 29, 29]]
1670847485.2798092	[]
1670847485.305716	[[273, 366, 33, 33]]
1670847485.349003	[[275, 373, 35, 35]]
1670847485.3741012	[[281, 386, 27, 27], [277, 377, 40, 40]]
1670847485.4192617	[[278, 389, 34, 34]]
1670847485.438713	[]
1670847485.4935694	[[280, 384, 35, 35]]
1670847485.5178165	[[278, 381, 39, 39]]
1670847485.5384526	[[278, 381, 42, 42]]
1670847485.5616126	[[278, 376, 42, 42]]
1670847485.6088657	[[279, 368, 39, 39]]
1670847485.6385725	[[279, 359, 42, 42]]
1670847485.6880586	[[282, 356, 40, 40]]
1670847485.714955	[[281, 341, 41, 41]]
1670847485.7413824	[[281, 328, 39, 39]]
1670847485.7783375	[[282, 318, 40, 40]]
1670847485.804884	[[280, 322, 41, 41]]
1670847485.8557172	[[281, 330, 41, 41]]
1670847485.8874044	[[280, 335, 43, 43]]
1670847485.9122884	[[278, 332, 45, 45]]
1670847485.9636385	[[278, 335, 44, 44]]
1670847485.9942703	[[279, 340, 45, 45]]
1670847486.0249572	[[280, 351, 44, 44]]
1670847486.0485165	[[276, 356, 44, 44]]
1670847486.0559018	[[272, 354, 47, 47]]
1670847486.0928164	[[268, 356, 45, 45]]
1670847486.140057	[[265, 358, 47, 47]]
1670847486.1809392	[[264, 359, 45, 45]]
1670847486.2091763	[[261, 360, 45, 45]]
1670847486.244052	[[259, 359, 45, 45]]
1670847486.27054	[[258, 360, 45, 45]]
1670847486.3188632	[[258, 359, 47, 47]]
1670847486.3423884	[[258, 361, 44, 44]]
1670847486.3944552	[[258, 359, 48, 48]]
1670847486.4243743	[[261, 361, 43, 43]]
1670847486.4542627	[[260, 361, 46, 46]]
1670847486.4847388	[[264, 361, 46, 46]]
1670847486.511169	[[264, 361, 46, 46], [314, 361, 50, 50]]
1670847486.5316722	[[268, 361, 50, 50]]
1670847486.573513	[[272, 362, 50, 50]]
1670847486.599455	[[277, 363, 51, 51]]
1670847486.644942	[[282, 365, 50, 50]]
1670847486.6773758	[[288, 364, 51, 51]]
1670847486.7101634	[[294, 365, 53, 53]]
1670847486.742677	[[300, 366, 52, 52]]
1670847486.7804945	[[302, 365, 52, 52]]
1670847486.804349	[[306, 364, 56, 56]]
1670847486.8271534	[[307, 366, 52, 52]]
1670847486.875706	[[307, 366, 51, 51]]
1670847486.9132288	[[309, 366, 53, 53]]
1670847486.944128	[[307, 364, 59, 59]]
1670847486.9712005	[[311, 366, 53, 53]]
1670847486.9931924	[[308, 366, 53, 53], [326, 363, 75, 75]]
1670847487.0420585	[[306, 367, 52, 52]]
1670847487.0652452	[[304, 366, 53, 53]]
1670847487.0911276	[[304, 367, 50, 50]]
1670847487.1155584	[[305, 365, 56, 56]]
1670847487.1961682	[[301, 367, 50, 50]]
1670847487.232416	[[301, 368, 49, 49]]
1670847487.2649443	[[300, 368, 50, 50]]
1670847487.2959087	[[299, 367, 50, 50]]
1670847487.339028	[[295, 365, 54, 54]]
1670847487.3683066	[[300, 368, 48, 48]]
1670847487.4035895	[[297, 366, 52, 52]]
1670847487.4368827	[[297, 367, 48, 48], [351, 370, 43, 43]]
1670847487.4595702	[[296, 367, 51, 51]]
1670847487.5077956	[[296, 369, 48, 48]]
1670847487.5293162	[[296, 369, 46, 46]]
1670847487.553925	[[295, 367, 49, 49]]
1670847487.6098516	[[295, 367, 50, 50]]
1670847487.6416943	[[298, 366, 56, 56]]
1670847487.6758294	[[300, 367, 52, 52]]
1670847487.7171998	[[300, 368, 51, 51]]
1670847487.7464826	[[303, 367, 51, 51], [311, 360, 85, 85]]
1670847487.781408	[[303, 365, 59, 59]]
1670847487.8019507	[[303, 366, 53, 53]]
1670847487.8317583	[[303, 365, 55, 55]]
1670847487.8812811	[[307, 365, 55, 55]]
1670847487.9033873	[[305, 367, 49, 49], [308, 358, 83, 83]]
1670847487.9248517	[[301, 365, 53, 53]]
1670847487.967607	[[301, 365, 51, 51]]
1670847487.9878852	[[298, 365, 51, 51]]
1670847488.0366328	[[296, 365, 50, 50]]
1670847488.0873015	[[293, 366, 48, 48]]
1670847488.1101089	[[290, 367, 46, 46]]
1670847488.1308901	[[289, 367, 45, 45]]
1670847488.1796887	[[283, 364, 47, 47]]
1670847488.2001789	[[281, 364, 46, 46]]
1670847488.223011	[[279, 365, 47, 47]]
1670847488.2699804	[[276, 363, 48, 48]]
1670847488.2963095	[[274, 362, 48, 48]]
1670847488.339396	[[273, 365, 45, 45]]
1670847488.3667002	[[269, 365, 46, 46]]
1670847488.3951142	[[267, 365, 44, 44]]
1670847488.4185789	[[262, 365, 45, 45]]
1670847488.5173876	[[265, 363, 47, 47]]
1670847488.5454178	[[262, 370, 38, 38]]
1670847488.5839453	[[258, 367, 44, 44]]
1670847488.6159203	[[256, 366, 46, 46]]
1670847488.644075	[[256, 371, 43, 43]]
1670847488.6673589	[[256, 371, 40, 40], [253, 358, 62, 62]]
1670847488.6943545	[[252, 367, 45, 45]]
1670847488.735355	[[253, 368, 44, 44]]
1670847488.7555676	[[250, 371, 41, 41]]
1670847488.8111556	[[249, 370, 41, 41]]
1670847488.8313572	[[249, 368, 46, 46]]
1670847488.8527453	[[248, 367, 47, 47]]
1670847488.910869	[[249, 364, 48, 48]]
1670847488.9408584	[[249, 366, 42, 42]]
1670847488.9732127	[[249, 367, 43, 43]]
1670847489.0016105	[[250, 367, 40, 40]]
1670847489.0487604	[[248, 365, 44, 44]]
1670847489.07617	[[252, 364, 47, 47]]
1670847489.100081	[[251, 367, 42, 42]]
1670847489.1211925	[[251, 365, 45, 45]]
1670847489.1627486	[[252, 364, 45, 45]]
1670847489.200778	[[253, 360, 50, 50]]
1670847489.2243955	[[254, 363, 45, 45]]
1670847489.2486756	[[255, 363, 44, 44]]
1670847489.3075597	[[254, 360, 48, 48]]
1670847489.337234	[[258, 360, 44, 44]]
1670847489.3631892	[[257, 361, 44, 44]]
1670847489.3984494	[[258, 360, 45, 45]]
1670847489.4395735	[[261, 359, 45, 45]]
1670847489.463346	[[259, 357, 48, 48]]
1670847489.499419	[[262, 359, 42, 42], [259, 349, 65, 65]]
1670847489.5205977	[[264, 361, 41, 41]]
1670847489.5708191	[[310, 349, 56, 56], [264, 357, 46, 46]]
1670847489.596157	[[264, 359, 43, 43]]
1670847489.608024	[[261, 356, 46, 46]]
1670847489.6528368	[[264, 356, 49, 49]]
1670847489.6916544	[[266, 357, 45, 45]]
1670847489.7412755	[[264, 357, 43, 43]]
1670847489.7709835	[[264, 354, 48, 48]]
1670847489.7946415	[[264, 353, 46, 46]]
1670847489.8409903	[[263, 351, 47, 47]]
1670847489.868279	[[262, 350, 48, 48]]
1670847489.8917181	[[261, 352, 45, 45]]
1670847489.9285111	[[263, 353, 42, 42]]
1670847489.952806	[[263, 352, 45, 45]]
1670847489.9995408	[[263, 349, 45, 45]]
1670847490.0404296	[[262, 350, 46, 46]]
1670847490.0708294	[[261, 352, 45, 45]]
1670847490.091696	[[260, 355, 43, 43]]
1670847490.1121304	[[258, 358, 44, 44]]
1670847490.17074	[[256, 357, 49, 49]]
1670847490.1981683	[[255, 357, 47, 47]]
1670847490.2194047	[[252, 356, 50, 50]]
1670847490.2715755	[[248, 353, 47, 47]]
1670847490.2964673	[[240, 343, 50, 50]]
1670847490.3313224	[[235, 345, 45, 45]]
1670847490.357682	[[225, 344, 48, 48]]
1670847490.4072495	[[212, 345, 48, 48]]
1670847490.4339511	[[198, 346, 48, 48], [217, 337, 73, 73]]
1670847490.4567091	[[179, 346, 46, 46]]
1670847490.4780087	[[152, 343, 46, 46]]
1670847490.5351906	[[120, 340, 47, 47]]
1670847490.561051	[[85, 342, 39, 39]]
1670847490.5911915	[[47, 327, 45, 45]]
1670847490.6254966	[]
1670847490.6585524	[]
1670847490.690301	[[351, 178, 21, 21]]
1670847490.7407613	[]
1670847490.7764552	[[291, 179, 21, 21]]
1670847490.7968118	[]
1670847490.825153	[]
1670847490.8462126	[]
1670847490.8737657	[[193, 223, 24, 24], [223, 112, 27, 27]]
1670847490.9079895	[]
1670847490.9412444	[[153, 202, 20, 20]]
1670847491.0168576	[[542, 219, 30, 30], [113, 182, 21, 21], [144, 66, 26, 26]]
1670847491.045109	[[542, 219, 30, 30], [113, 182, 21, 21], [144, 66, 26, 26]]
1670847491.0734653	[[529, 220, 38, 38], [102, 180, 24, 24], [138, 66, 25, 25], [596, 255, 40, 40]]
1670847491.1066105	[[133, 72, 24, 24], [518, 225, 42, 42], [96, 185, 23, 23], [584, 258, 45, 45]]
1670847491.1361973	[[121, 71, 26, 26], [509, 229, 37, 37], [85, 187, 20, 20], [569, 256, 47, 47]]
1670847491.1625242	[[500, 219, 39, 39], [77, 179, 21, 21], [110, 64, 29, 29], [562, 253, 45, 45]]
1670847491.202623	[[497, 217, 34, 34], [72, 170, 22, 22], [106, 56, 28, 28], [601, 345, 27, 27], [557, 245, 48, 48], [590, 317, 43, 43]]
1670847491.2323701	[[68, 164, 20, 20], [106, 49, 24, 24], [492, 207, 42, 42], [554, 243, 47, 47], [586, 313, 42, 42]]
1670847491.2587287	[[67, 162, 21, 21], [101, 45, 25, 25], [488, 205, 41, 41], [585, 312, 47, 47], [550, 241, 48, 48]]
1670847491.29113	[[491, 209, 33, 33], [97, 42, 26, 26], [580, 313, 45, 45], [546, 240, 49, 49]]
1670847491.3206813	[[62, 157, 24, 24], [98, 43, 25, 25], [488, 204, 38, 38], [587, 315, 47, 47], [544, 239, 50, 50]]
1670847491.3508644	[[61, 158, 21, 21], [579, 314, 45, 45], [92, 35, 34, 34], [542, 239, 51, 51], [488, 200, 40, 40]]
1670847491.4197974	[[96, 36, 25, 25], [578, 312, 44, 44], [539, 235, 51, 51]]
1670847491.4692845	[[94, 32, 28, 28], [536, 234, 53, 53], [575, 311, 46, 46]]
1670847491.506832	[[535, 233, 54, 54], [577, 307, 53, 53]]
1670847491.539073	[[61, 149, 21, 21], [565, 289, 29, 29], [95, 30, 28, 28], [576, 313, 49, 49], [531, 234, 54, 54], [564, 314, 40, 40]]
1670847491.570928	[[92, 29, 27, 27], [529, 233, 53, 53], [579, 313, 42, 42]]
1670847491.6042314	[[565, 287, 21, 21], [92, 21, 27, 27], [527, 230, 53, 53], [569, 305, 52, 52]]
1670847491.6363046	[[91, 17, 24, 24], [58, 135, 24, 24], [525, 227, 53, 53], [597, 390, 41, 41]]
1670847491.6613076	[[90, 14, 28, 28], [59, 136, 21, 21], [521, 231, 53, 53], [588, 232, 46, 46]]
1670847491.6995468	[[91, 22, 22, 22], [556, 296, 22, 22], [57, 139, 24, 24], [519, 238, 52, 52]]
1670847491.725282	[[60, 146, 22, 22], [95, 26, 24, 24], [518, 242, 54, 54], [586, 243, 50, 50]]
1670847491.7594414	[[83, 22, 41, 41], [95, 31, 22, 22], [517, 245, 54, 54], [583, 243, 49, 49]]
1670847491.8219163	[[58, 140, 23, 23], [583, 295, 23, 23], [90, 21, 29, 29], [518, 237, 53, 53], [588, 236, 48, 48]]
1670847491.8534336	[[92, 18, 27, 27], [520, 234, 53, 53], [587, 234, 46, 46]]
1670847491.8960068	[[84, 14, 34, 34], [583, 231, 52, 52], [518, 235, 54, 54]]
1670847491.9312482	[[90, 20, 28, 28], [581, 232, 56, 56], [519, 240, 51, 51]]
1670847491.9670992	[[60, 145, 22, 22], [558, 301, 22, 22], [94, 26, 23, 23], [578, 235, 56, 56], [517, 242, 55, 55]]
1670847492.0002332	[[59, 146, 23, 23], [92, 27, 28, 28], [579, 236, 56, 56], [518, 245, 51, 51]]
1670847492.0253806	[[59, 145, 22, 22], [92, 26, 26, 26], [518, 240, 54, 54], [590, 398, 43, 43]]
1670847492.0606463	[[555, 294, 24, 24], [83, 17, 38, 38], [60, 141, 21, 21], [519, 242, 47, 47], [587, 238, 45, 45], [591, 395, 43, 43]]
